-0.558061 0.734661
0.558035 -0.892308
0.690607 0.772387
-0.322419 -0.954369
0.350818 0.891702
-0.812119 0.615305
-0.522048 0.834769
0.880530 -0.464852
0.517989 -0.834619
-0.686330 -0.726501
0.630210 -0.710406
0.207513 0.965022
0.956614 0.413244
-0.414561 -0.853003
-1.062016 -0.238231
-1.071297 -0.117245
-0.032872 0.914472
0.607630 -0.805828
0.454769 -0.918040
1.005708 0.105101
-0.991958 0.158964
0.974247 -0.356858
-0.947172 0.251963
0.578285 -0.796233
-0.998801 -0.226901
-0.912522 0.401016
0.969421 0.150007
-1.023418 -0.028042
0.751844 -0.737953
0.870171 -0.565753
-0.212737 0.946050
0.663820 0.731406
0.996566 0.000830
-0.404813 0.889685
-0.925027 -0.177109
0.457927 -0.843277
-0.447986 -0.860209
0.918918 -0.559036
0.040195 -1.041043
0.471834 0.839579
1.002162 -0.230525
-0.593703 0.836170
-0.792514 -0.564367
-0.114181 -0.972123
0.670385 -0.706590
-0.476117 0.823868
-0.919747 0.217497
0.525301 0.912760
-0.941905 0.201924
-0.914536 0.257179
0.698670 0.723900
-0.623838 -0.753419
0.785178 -0.597371
-0.935618 0.458880
0.445512 0.885978
-0.278124 0.959595
0.980666 0.379308
0.925203 0.367477
0.934898 0.158085
-0.951945 -0.312399
-0.940538 -0.393402
-0.321262 0.899504
0.028900 -1.019407
-0.476043 -0.880318
0.897361 -0.356346
-0.981735 0.091839
-0.988384 -0.112815
0.254569 -1.012497
-0.862818 -0.413774
0.106387 -1.022828
0.868940 -0.476524
0.266261 1.045366
-0.805081 -0.650109
-0.923451 0.202002
-0.731371 -0.658806
0.276231 0.909935
-0.427318 -0.873660
1.043252 0.113953
0.154471 1.043389
0.821341 -0.489467
0.114429 -0.983532
-0.922317 -0.195919
0.946921 0.433872
0.291879 0.890390
1.030651 0.077972
0.987615 -0.210539
0.465095 -0.818973
-0.937523 0.335474
1.028299 -0.061482
0.273861 -0.958703
-0.987131 0.070758
0.736062 0.789665
0.233655 0.966354
0.495960 -0.887429
-0.487545 0.975158
-0.067390 -0.953285
0.522219 0.821433
-0.110181 -0.942109
1.006118 0.352927
-0.218872 -0.961831
0.643452 -1.865993
0.680644 -1.963104
1.437213 -1.407950
1.712379 1.048963
-1.006429 -1.775162
-2.000655 -0.030448
-1.014249 1.701261
-1.676438 -1.042765
-1.193756 1.601795
0.517831 1.856960
-0.152709 1.995720
1.650559 1.177930
1.168894 1.610189
-0.870836 1.820269
-1.666404 -1.123166
1.132522 1.638360
1.898226 0.788027
1.916467 0.093785
0.303914 -1.978314
-0.818033 -1.798021
1.494203 1.412066
-0.381552 -1.950412
1.061147 1.715964
1.479036 1.391711
-0.861118 -1.864892
1.220585 1.570035
1.861711 0.707867
1.300635 1.474198
1.999656 0.186240
0.751118 1.866786
1.752357 0.836220
1.982569 0.480715
-0.739624 1.943672
-1.974488 -0.195855
-1.514488 1.197622
1.963432 -0.059289
-1.810413 0.722062
1.125602 1.579100
0.351232 -1.972164
-0.111854 -2.014813
1.648509 1.012256
-2.012032 0.378241
-0.531530 1.927254
-1.616952 1.071609
-1.775870 0.832430
1.401653 -1.469087
-0.541169 -1.966049
1.946754 0.175354
1.981402 0.308513
0.156971 1.916624
-1.603141 -1.138264
1.833167 -0.916728
-0.969691 1.653536
-1.809662 0.676898
1.603906 1.152086
-0.441594 -1.984433
-0.356712 -1.980507
0.412525 -1.993842
1.852682 -0.706128
1.921586 0.592062
0.610571 -1.865163
-1.914257 0.405358
-0.355266 1.918650
1.920574 0.554330
0.471096 -1.959491
1.657854 -1.218501
0.324546 -1.993617
1.066922 -1.742280
-1.089265 1.615421
0.722237 1.864871
-1.478158 1.415621
-0.081391 2.044098
2.010150 0.272739
-0.556870 1.997128
0.118585 1.968270
0.596117 1.941572
-1.172002 1.651639
-1.964061 -0.466958
1.404030 1.391984
0.712113 1.893120
-1.975171 0.141477
-1.609699 1.064477
-0.181935 -1.914253
-0.611708 1.886479
0.707207 -1.884588
1.701730 -1.025771
0.191651 -2.012873
-1.002817 1.715002
-0.391942 -2.009189
1.882496 0.403350
-1.505117 -1.337461
1.515783 1.289419
1.915676 0.630464
1.895594 0.685286
1.964266 0.326558
1.917824 -0.551492
-1.955657 -0.312439
0.080454 -2.046383
-1.735449 -1.098573
-0.138162 -1.978804
2.987692 -0.273774
-0.948357 -2.843832
2.471317 1.566860
-2.987461 0.555553
-1.990097 -2.267725
-2.927928 -0.468819
1.919488 2.360431
-0.483009 2.986953
3.022924 -0.245503
0.853383 -2.937479
2.763751 -1.230468
-1.762337 2.478555
0.764090 2.910065
-1.284730 -2.746545
-1.884428 2.416079
-2.743293 1.118717
2.471267 -1.595057
1.500365 -2.589059
-2.273539 1.847775
-0.298460 -2.954941
-0.766815 2.935945
-0.778123 2.870065
-0.852290 2.814635
2.935028 0.461884
2.639942 -1.498291
-1.175863 -2.766246
0.290897 2.935155
-3.037559 0.050531
0.751838 -2.884419
-2.188216 2.048862
0.576092 2.880449
-0.515957 -2.974534
0.438368 -3.034662
-1.049630 -2.819622
-2.206442 -2.063519
0.231514 -2.988945
-2.983220 -0.215562
-1.450903 2.662696
3.048965 0.025749
-2.645712 -1.468466
1.417046 2.649628
1.030973 2.858409
1.776206 2.455152
-2.929801 -0.099807
3.024772 0.331763
-2.962589 0.541874
2.880259 0.857980
-2.812958 1.067672
1.552214 2.571237
-2.713351 -1.320810
1.228407 -2.683653
2.581381 1.534121
0.314837 2.908048
0.074187 2.985545
-1.805977 2.423229
-2.549180 1.638413
2.277149 1.988411
-2.509674 1.654994
-1.363089 -2.714337
-2.856324 -0.791518
-1.874587 2.351059
-1.547218 -2.492821
-1.302211 -2.709789
2.072271 2.250554
-2.843834 1.133823
2.776219 -1.156174
-2.782380 -1.314072
-2.669818 -1.416589
0.274215 -2.980352
0.057957 3.025586
-1.034000 -2.808507
-0.812906 2.807064
-2.719538 -1.294369
-1.975758 -2.235506
-2.410276 1.776955
0.021163 3.017210
2.794572 -1.202396
-2.844491 0.945978
-2.968531 -0.600839
-1.989321 -2.251833
-1.451481 -2.567923
-2.748353 1.107911
1.420172 2.702297
-1.046659 -2.872291
2.717744 -1.386347
-2.008350 2.122425
-1.880926 -2.238713
2.288266 -1.900803
-3.005750 0.323385
-2.054309 -2.182606
-2.881308 0.643716
2.321305 1.900117
2.223486 1.913979
2.333077 1.878608
-2.852459 1.012174
2.742674 -1.108992
-1.987398 -2.220679
2.699754 -1.277266
2.762800 1.152049
-1.032636 2.762202
2.668200 2.918671
0.268772 -3.982744
-2.984159 -2.706220
-3.197021 2.395770
2.149978 -3.328719
3.953232 0.970648
3.258587 2.250815
3.828220 -1.294529
-3.177239 2.432205
-3.957256 -0.813341
3.327761 -2.303281
-2.151652 3.388802
-2.053209 -3.417442
-0.562210 -3.925720
0.679610 3.969583
-3.808428 -1.383404
-3.822124 1.104373
-3.030537 -2.515575
-3.798500 -1.077475
-3.999610 -0.463357
-0.903360 3.920000
2.952004 -2.806658
3.698433 -1.558060
1.390170 -3.771192
3.970207 -0.781041
-3.992654 -0.612714
2.968565 2.547319
-2.305729 -3.183415
1.456360 3.739023
2.464669 -3.098857
3.675120 -1.379403
3.159633 2.401847
-1.140373 3.796721
1.216320 -3.822230
-3.697350 1.417998
-3.954679 0.185986
3.909736 0.733511
-3.642450 -1.788489
-3.588767 -1.757061
-0.208438 -3.989071
3.478061 1.816587
0.915670 -3.849560
1.384434 3.734237
-3.919905 -0.771469
3.542172 -1.829291
4.011167 -0.352319
3.990690 -0.624524
-1.333025 3.719559
0.091767 -4.013474
1.067151 3.793419
2.614498 -3.105140
-2.190574 -3.350597
3.180102 2.378507
-3.514214 -1.945342
3.844110 -0.897680
2.232250 -3.290317
0.078234 -4.007139
-1.152851 -3.793989
0.084742 3.993958
3.923749 1.005910
-3.865979 0.938083
2.955533 2.685047
2.118841 3.415103
-3.490840 1.926085
-2.032832 -3.492969
3.957129 -0.673875
-0.735307 3.901145
-3.872998 -0.774005
3.629956 -1.688871
2.010352 3.481816
0.989611 -3.931123
3.225218 2.436341
3.000747 -2.692022
-3.943448 -0.554604
4.035681 -0.661916
0.154114 -4.016246
-0.687618 -3.950144
3.974680 0.064967
1.090050 3.806705
-0.256736 3.935027
3.588581 1.971509
-0.365117 -3.949314
1.784169 -3.633232
-2.230610 3.354717
2.616049 3.010451
-2.021092 -3.461485
1.933891 -3.494755
-1.876237 -3.604758
2.514410 3.018454
-2.933468 2.795684
-1.742556 -3.606362
-3.928486 -0.394403
3.977395 -0.551914
-0.449056 4.015511
2.711096 -3.001716
-2.777613 2.821417
2.589715 2.998830
3.462236 1.980351
-0.280749 -3.991404
-2.738047 2.840842
-4.881195 -0.916863
4.918454 0.169849
2.624178 4.304573
-0.382964 4.934966
4.810522 1.198786
-2.068114 -4.547147
4.931769 0.882987
-4.958280 0.001582
-4.903432 0.597707
-0.894635 4.937364
-4.177215 -2.669080
-1.181216 4.931591
4.372289 -2.405607
4.970893 0.189484
-4.634777 -1.989431
-3.354499 3.631516
-3.463893 3.626040
4.929281 0.660330
-1.926997 -4.631644
-4.735574 -1.690263
0.484645 -4.981385
1.297453 -4.882352
0.109311 5.057872
1.561744 4.786759
-3.370326 3.730268
-0.959715 -4.958521
3.520872 3.537050
-4.497101 2.119827
4.994339 0.514992
4.526384 2.165500
-1.238094 -4.860851
1.636568 -4.736492
4.245272 -2.686781
4.257850 -2.623081
-3.452329 -3.654953
3.337837 3.621967
4.663312 1.919141
0.859058 -4.914193
-0.247175 -5.006977
-3.525508 -3.566918
-0.657516 -4.977415
1.469000 4.830551
1.399566 -4.817924
4.916979 -0.792360
-4.349511 2.386036
0.133300 4.956332
-5.032272 0.631805
-2.440370 -4.371915
3.003341 -4.006583
4.686209 -1.676416
3.439988 3.605232
-1.646032 -4.724713
4.376265 2.408886
3.983716 3.032862
3.348695 3.620240
-4.915579 -0.466385
-4.919997 0.565679
-4.713354 1.667418
1.483246 -4.749398
-4.888501 -0.898775
-2.448259 -4.377726
-4.986944 0.524014
-2.490953 4.355207
-0.278108 5.023735
4.961101 -0.827269
-0.453484 5.012309
1.246262 -4.861370
-4.957585 0.091312
-2.143298 4.497014
-3.718043 -3.331538
5.034844 0.218232
4.630985 1.933017
4.394140 -2.414801
4.140455 -2.769813
2.451443 -4.358902
4.259156 -2.566968
-2.176973 -4.563454
0.842727 -4.908954
-1.757672 -4.756826
1.578187 4.740981
-4.752232 1.465630
1.217424 -4.883101
5.016079 0.060659
-4.669008 -1.700112
-4.511850 2.011694
4.693487 1.804457
-4.586971 1.751085
2.659060 -4.213748
-3.725163 -3.422153
-0.265859 -5.028991
4.600571 -1.969007
-2.301778 4.495822
-0.124918 -4.958666
3.490767 -3.584204
-4.512351 2.010639
-4.903185 -0.668295
-2.867807 -4.089169
-4.922876 0.970816
2.020826 4.536240
0.747999 4.923122
